
# id	file_path	transparent_color_r	g	b
[TEXTURES]
0	textures\mario\mario.png	255	255	255
20	textures\misc.png	176	224	248
10	textures\enemies.png	3	26	110
30	textures\map\man1\tiles.png	255	255	255
40	textures\misc\misc.png	176	255	255
41	textures\misc\misc-6.png	255	255	255
50	textures\enemie\enemies.png	255	255	255
60	textures\enemie\enemies-2.png	255	255	255
70	textures\enemie\enemies-3.png	255	255	255
81	textures\enemie\enemies-5.png	25	25	255
80	textures\map\man1\tile-map1-4.png	255	255	255
82	textures\misc\effect1.png	176	255	255
83	textures\misc\end.png	176	255	255


#maptile
#name    texture_id	widthmap	geightmap
[MAP]
tile-map1-4.txt	80	2576	192


# id	left	top	right	bottom	texture_id	x	y
[SPRITES]
#TEXT END GAME
91071	35	8	219	53	83
#khoi ong

#flybar
91093	288	360	336	376	40


91070	171	358	202	406	40
91072	222	376	254	407	40

#HUD
11101	12	128	244	156	41
#hat,mu
15501	156	144	171	160	40
15502	178	144	194	160	40
15503	200	153	216	160	40
#card
15520	185	159	207	186	41
15521	209	159	231	186	41
15522	232	159	256	186	41
#card image
15550	160	159	183	187	41
15551	185	159	207	187	41
15552	209	159	231	187	41
15553	233	159	256	187	41

#coin
91001	59	88	72	97	41
91002	74	88	87	97	41
91003	89	88	102	97	41
91004	104	88	118	97	41
91005	120	88	135	97	41
91006	137	88	154	97	41
91007	156	88	173	97	41
91008	175	88	192	97	41
91009	195	88	210	97	41

#nang luong
91010	92	162	99	168	41
91012	101	162	114	168	41
#mat tien rua
91011	334	100	347	115	40

#effect 
91030	12	12	35	27	82
91031	43	12	66	27	82


# BIG MARIO 
# idle right
10001	215	244	229	271	0
# walk
10002	254	243	271	270	0		
10003	294	244	310	270	0
# idle left
10011	175	244	190	269	0
#walk
10012	135	244	149	270	0
10013	94	244	111	268	0
#nhay phai,trai
10014	335	244	350	269	0
10015	54	244	70	269	0
#chay run phia trai
10016	295	244	310	269	0
10017	95	244	110	269	0
#da phai
10018	252	283	273	309	0
#da trai
10019	133	283	154	310	0
#mario big prepare fly
10154	213	323	231	350	0
10155	253	323	272	350	0
10156	174	323	192	350	0
10157	134	323	152	350	0


#co duoi idle phai
10052	211	443	232	470	0
#co duoi idle trai
10053	174	443	195	470	0
#co duoi di phai
10054	262	443	283	470	0
#co duoi di trai
10055	122	443	143	470	0
#co duoi run phai
10056	291	443	312	470	0
#co duoi run trai
10057	92	443	113	470	0
#co duoi nhay phai
10058	52	443	75	470	0
#co duoi nhay trai
10059	331	443	354	470	0
#co duoi nam ngang phai ,trai
10060	236	443	258	470	0
10061	148	443	170	470	0
#co duoi tan cong phai trai
#MAT TRUOC

10092	210	443	232	470	0
#duoi ngang
10093	236	443	258	470	0
#mat truoc
10094	345	483	371	511	0

10095	160	364	192	392	0
10096	207	364	230	364	0
#MAT SAU
10097	361	404	387	432	0

#ben trai
10098	361	364	391	391	0
#duoi ngang
10100	160	364	192	392	0
#mat truoc
10101	25	483	50	511	0	7	0
10102	208	364	230	392	0	7	0
#MAT SAU
10103	05	404	31	432	0	7	0
#mario duong ong
10108	35	483	51	511	0
10109	355	483	371	511	0


#co duoi  idle phai
10078	322	523	343	551	0
#co duoi idle trai
10079	63	523	84	551	0
#co duoi cam rua di phai
10080	351	523	372	551	0
#co duoi cam rua di trai
10081	33	523	54	551	0
#co duoi cam rua run phai
10082	381	523	404	551	0
#co duoi cam rua idle trai
10083	2	523	25	551	0
#co duoi da chan big PHAI TRAI
10090	247	483	279	511	0
10091	137	483	159	511	0



#ngoi mario big phai,trai
10062	376	248	390	266	0
10063	16	248	30	266	0
#mario co duoi ngoi phai ,trai
10064	372	448	393	466	0
10065	12	448	33	466	0
#bay tren khong PHAI
10066	291	602	314	631	0
10067	331	602	354	631	0
10068	371	602	394	631	0
#bay tren khong trai
10069	91	602	114	631	0
10070	51	602	74	631	0
10071	11	602	34	631	0

#mario cam rua phai, trai big
10072	331	323	344	350	0
10073	61	323	75	350	0
#mario chay cam rua phai, trai big
10074	356	323	370	350	0
10075	381	323	395	350	0

10076	35	323	50	350	0
10077	10	323	25	350	0

#mario bay tam thap phai trai
10084	211	603	234	629	0
10085	251	603	274	629	0

10086	172	603	194	629	0
10087	132	603	154	629	0
#co duoi phanh phai trai
10088	215	482	231	511	0
10089	175	482	191	511	0
#mario co duoi prepare fly
10104	211	523	235	551	0
10105	251	523	275	551	0
10106	171	523	195	551	0
10107	131	523	155	551	0


#mario big bo sung
#mario big cam rua walking right left
10150	356	323	371	349	0
10151	381	323	396	349	0

10152	35	323	49	349	0
10153	10	323	24	349	0


#mario lua
#idle phai
10201	216	683	228	710	0
#idle trai
10202	176	683	190	710	0
#walking right
10203	255	683	271	710	0
#walking left
10204	135	683	151	710	0
#run right
10205	295	683	311	710	0
#run left
10206	94	683	111	710	0
#jump phai trai
10207	335	683	351	710	0
10208	55	683	71	710	0
#nem dan phai trai
10209	386	803	400	830	0
10210	366	803	379	830	0

10211	6	803	20	830	0
10212	27	803	40	830	0
#lua phanh phai trai
10213	215	722	231	750	0
10214	175	722	191	750	0
#da chan phai trai
10215	252	723	272	749	0
10216	133	723	153	749	0
#cam rua lua idle phai trai
10217	331	763	344	790	0
10218	61	763	75	790	0
#cam rua lua walking phai trai
10219	356	763	370	790	0
10220	35	763	49	790	0


#co chan dao chieu phai
10050	215	283	231	311	0
#co chan dao chieu trai
10051	175	283	190	310	0
# die 
10099	375	209	391	225	0
# SMALL MARIO
# idle small right
10021	216	89	229	104	0
# walk
10022	256	90	270	104	0
10023	256	90	270	104	0
# idle small left
10031	177	89	188	105	0
# walk
10032	134	90	148	105	0
10033	134	90	148	105	0
# nhay
10024	54	89	70	105	0
10034	334	89	352	104	0
#mario an nam trai
10035	16	243	29	270	0
10036	176	243	189	270	0
#mario an nam phai
10037	375	243	390	270	0
10038	215	243	230	270	0
#mario phanh phai trai
10039	216	129	230	144	0
10040	176	129	190	144	0
#cam rua small 
10041	337	169	349	184	0
10042	56	169	69	184	0
#da chan small
10043	255	129	270	144	0
10044	135	129	151	144	0
#mario cam rua walking,run phai trai
10045	376	169	391	184	0
10046	15	169	29	184	0


#BRICK
20001	222	223	239	240	30
#gach o nho
20050	

#brickdoi
20002	426	239	443	256	30
#hinh khoi
#hinh vuong mau gach
20004	1	52	18	53	30
20005	18	52	35	53	30
20006	36	52	53	53	30
#hinh chu nhat xanh
20007	52	52	69	69	30
20008	69	52	86	69	30
20009	86	52	103	69	30
#hinh chu nhat xanh la cay
20029	52	1	69	18	30
20030	69	1	86	18	30
20031	86	1	103	18	30
#ong khoi
20013	289	69	306	86	30
20014	289	51	306	69	30
20015	306	51	324	69	30
20016	306	68	324	86	30
#hinh vhu nhat xanh ,trang,gach
#mau xanh
20017	290	69	307	86	30
20018	290	52	307	69	30
20019	307	52	324	69	30
20020	307	68	324	86	30
20018	290	52	307	69	30
20019	307	52	324	69	30
20020	307	68	324	86	30

#mau gach
# da load roi,3 cai
#mau trang
20024	290	69	307	86	30
20025	290	52	307	69	30
20026	307	52	324	69	30
20027	290	69	307	86	30
20028	290	52	307	69	30

#gach effect
20050	274	188	290	203	40
20051	293	188	309	203	40
20052	312	188	328	203	40
20053	332	188	347	203	40
#GOOMBA
30001	5	14	21	29	10
30002	25	14	41	29	10
#die
30003	45	21	61	29	10
#goomba re co canh
30004	66	35	86	59	81
30005	90	35	109	59	81
#co canh thap nhay
30011	116	35	136	59	81
30012	140	35	160	59	81
#co canh thap
30006	116	40	136	59	81
30007	140	40	160	59	81
# ko canh
30008	104	70	120	86	81
30009	125	70	140	86	81
#die red
30010	145	77	161	86	81

#brick with question mark animation
40001	300	117	316	133	20
40002	318	117	334	133	20
40003	336	117	352	133	20
40004	355	117	370	133	20
40005	153	238	170	255	30
#brick question die
40007	235	188	251	204	40
#nam
40006	137	137	153	152	30
# Mushroom
50001	137	137	153	152	30
50007	156	121	172	136	40
#la cay
50002	180	123	195	136	40
50006	374	121	390	134	40
#money
50003	294	101	302	115	40
50004	308	101	316	115	40
50005	319	101	327	115	40

#Turle trai phai
#rua xanh ko canh
60001	2	1	18	27	60
60002	52	1	68	27	60
60003	102	1	118	27	60
60004	152	1	168	26	60
60005	32	149	48	164	81
60006	75	127	91	143	81
#rua xanh co canh
60007	147	129	163	156	81
60008	126	129	142	156	81
60009	105	129	121	156	81
#rua do ko canh
60010	28	67	44	93	81
60011	47	67	63	93	81
60012	71	74	89	90	81
60013	29	97	45	113	81

60014	204	70	220	96	81
60015	224	70	240	96	81
#plant
70001	7	33	22	65	81
70002	249	74	265	106	81
70003	7	71	22	103	81
70004	201	34	217	66	81
70005	7	166	22	190	81
70006	257	168	273	192	81
70007	7	195	22	219	81
70008	257	196	273	220	81
70009	7	108	22	131	81
70010	7	137	22	161	81


#bullet
80001	121	73	129	81	70
80002	143	269	151	277	70
80003	143	199	151	207	70
80004	138	279	146	287	70
					
# ani_id	sprite1_id	time1	sprite2_id	time2	...
[ANIMATIONS]

#fly bar
91093	91093	100
#end game
91071	91071	100
# ==== MARIO =========
#idle BIG right
400	10001	100
#idle BIG left
401	10011	100
#nhay phai, trai
404	10014	100
405	10015	100
#idle small right
402	10021	100
#idle small left
403	10031	100
#run right big
406	10001	20	10002	20	10003	20	10016	20
#run left big
407	10011	20	10012	20	10013	20	10017	20
#da phai big
408	10018	1000
#da trai big
409	10019	1000
#co chan dao chieu phai
410	10050	100
#co chan dao chieu trai
411	10051	100
#co duoi idle phai
412	10052	100
#co duoi idle trai
413	10053	100
#co duoi di phai
414	10052	100	10054	100
#co duoi di trai
415	10053	100	10055	100
#co duoi run phai
416	10052	50	10054	50	10056	50
#co duoi run trai
417	10053	50	10055	50	10057	50
#co duoi nhay phai
418	10058	100
#co duoi nhay trai
419	10059	100
#ngoi big phai ,trai
420	10062	100
421	10063	100




#xoay duoi phai big
422	10060	50
#xoay duoi trai big
423	10061	50
#ngoi co duoi phai,trai
424	10064	100
425	10065	100
#bay tren khong phai
426	10066	20	10067	20	10068	20
#bay tren khong trai
427	10069	20	10070	20	10071	20
#cam rua big phai,trai idle
428	10072	100
429	10073	100



#co duoi cam rua idle phai trai
430	10078	100
431	10079	100
#co duoi cam rua di phai trai
432	10080	100
433	10081	100
#co duoi cam rua walking phai trai
434	10078	100	10080	100
435	10079	100	10081	100
#co duoi bay tam thap
436	10084	20	10085	20
437	10086	20	10087	20
#roi tu do
438	10084	100
439	10086	100
#co duoi da chan phai trai
440	10090	100
441	10091	100
#co duoi phanh phai trai
442	10088	100
443	10089	100
#co duoi run cam rua
444	10078	100	10080	100
445	10079	100	10081	100
#co duoi tan cong phai trai
446	10094	100	10095	100	10097	20
447	10101	100	10102	100	10103	20
#co duoi prepare fly
448	10104	20	10105	20
449	10106	20	10107	20
#co duoi duong ong
450	10108	100
451	10109	100



#mario big bo sung
#mairio big cam rua walking
480	10072	100	10151	100
481	10073	100	10153	100

#mairio big cam rua run
482	10072	50	10151	50
483	10073	50	10153	50
484	10154	20	10155	20
485	10156	20	10157	20



#mario lua
#idle phai
1201	10201	100
#idle trai
1202	10202	100
#walking right
1203	10201	100	10203	100
#walking left
1204	10202	100	10204	100
#run right
1205	10201	100	10203	100	10205	100
#run left
1206	10202	100	10204	100	10206	100
#nhay phai trai
1207	10207	100
1208	10208	100
#nem dan phai trai
1209	10209	100	10210	100
1210	10211	100	10212	100
1211	10213	100
1212	10214	100
#da cham phai trai
1213	10215	100
1214	10216	100
#cam rua idle phai trai
1215	10217	100
1216	10218	100
#cam rua walking phai trai
1217	10217	100	10219	100
1218	10218	100	10220	100
#cam rua run phai trai
1219	10217	50	10219	50
1220	10218	50	10220	50



#walk right big
500	10001	100	10002	100	10003	100
#walk left big
501	10011	100	10012	100	10013	100


#walk right small
502	10021	100	10022	100	10023	100
#walk left small
503	10031	100	10032	100	10033	100
#nhay phai
504	10034	300	10034	300
#nhay trai
505	10024	200	10024	300
#RUN right small
506	10021	50	10022	50
#RUN left small
507	10031	50	10032	50
#die
599	10099	100
#mario an nam trai
508	10035	100	10036	100
# mario an nam phai
509	10037	100	10038	100
#mario phanh phai trai
510	10039	100
511	10040	100
#cam rua small idle
512	10041	100
513	10042	100
#da chan small
514	10043	100
515	10044	100
#mario small cam rua walking
516	10041	100	10045	100
517	10042	100	10046	100
#mario run cam rua small
518	10041	50	10045	50
519	10042	50	10046	50


# ==== BRICK =========
601	20001	100
#brick effect
650	20050	100	20051	100	20052	100	20052	100
651	91070	100
652	91072	100

#=====BRICK DOI ======
603	20002	100

# ==== QUESTION MARK BRICK =========
602	40001	100	40001	100	40002	100	40003	100	40004	100
618	40005	100
619	40006	100
620	40007	100

#hinh khoi
#hinh vuong mau gach
604	20004	100
605	20005	100
606	20006	100
#hinh chu nhat xanh
608	20007	100
609	20008	100
610	20009	100
#hinh chu nhat xanh la cay
611	20029	100
612	20030	100
613	20031	100
#ong khoi
614	20013	100
615	20014	100
616	20015	100
617	20016	100

# ==== GOOMBA  =========
# walk
701	30001	100	30002	100
# die
702	30003	100
# goomba red co canh
703	30011	100	30004	100	30012	100	30005	100
#co canh thap
704	30006	100	30007	100
#ko canh
705	30008	100	30009	100
#red die
706	30010	100


# Mushroom,leaf
801	50001	100
806	50007	100
802	50002	100
804	50006	100
#money
803	50003	100	50004	200	50005	150
#Turle
#rua xanh
901	60001	150	60002	150
902	60003	150	60004	150
903	60005	100
904	60005	100	60006	100
#rua xanh co canh
905	60007	70	60008	50	60009	50
#rua do ko canh
906	60010	100	60011	100
907	60012	100
908	60013	100
909	60014	100	60015	100

#plant
1001	70001	100
1002	70002	100
1003	70003	100
1004	70004	100
1005	70005	100
1006	70006	100
1007	70007	100
1008	70008	100
1009	70009	100
1010	70010	100



#bullet
1101	80001	100	80002	100	80003	100	80004	100

#coin
1901	91001	100
1902	91002	100
1903	91003	100
1904	91004	100
1905	91005	100
1906	91006	100
1907	91007	100
1908	91008	100
1909	91009	100
#nang luong hub
1910	91010	100
1912	91012	100

# mat tien rua
1911	91011	100

#effect
1930	91030	100
1931	91031	100

#hat,mu
2001	15501	100	15502	100
2002	15503	100

#card
2010	15520	300	15521	300	15522	300
2011	15520	300
2012	15521	300
2013	15522	300

#card image
2050	15550	100
2051	15551	100
2052	15552	100
2053	15553	100


#
# id	ani1	ani2	ani3
#
[ANIMATION_SETS]
# MARIO
1	400	401	402	403	500	501	502	503	599	505	504	506	507	508	509	404	405	406	407	408	409	410	411	412	413	414	415	416	417	418	419	420	421	422	423	424	425	426	427	428	429	1201	1202	1203	1204	1205	1206	1207	1208	1209	1210	430	431	432	433	434	435	436	437	438	439	440	441	510	511	442	443	1211	1212	1213	1214	1215	1216	512	513	514	515	480	481	482	483	516	517	518	519	1217	1218	1219	1220	446	447	484	485	448	449	450	451

#fly bar
91093	91093


# BRICK 		mat tien rua
2	601	650	1911	620	651	652
# brick doi
23	603
#hinh vuong mau gach
24	604
25	605
26	606
#hinh chu nhat mau xanh
28	608
29	609
30	610
#hinh chu nhat xanh la cay
31	611
32	612
33	613
#ong khoi
34	614
35	615
36	616
37	617
#khoi ong	

# QUESTION MARK BRICK 
22	602	620	650
# GOOMBA
3	701	702	703	704	705	706
# Mushroom
8	801	806
#LEAF 
13	802	804
#money
12	803

#Turle
9	901	902	903	904	905	906	907	908	909
#plant
10	1001	1002	1003	1004	1005	1006	1007	1008	1009	1010
#bulet
11	1101
#coin
14	1901	1902	1903	1904	1905	1906	1907	1908	1909	1910

#effect
1930	1930

#hat
1001	2001	2002

#card
1010	2010	2011	2012	2013
#card image
1050	2050	2051	2052	2053

#end game
91071	91071	100

[OBJECTS]
# type	x	y	ani_set_id	object_type
# type: 0 = Mario , 1 = Brick, 2 = Goomba

# MARIO

#0	1788.0	136	1
#0	548.0	136	1
#0	1147	136	1
0	102	10	1
#0	1411	164	1
#0	2160	250	1
#0	2261	20	1
#bullet
11	350	366	11

# GOOMBA
2	160	350	3
2	400	380	3
#2	565	400	3
#2	10	400	3
2	800	384	3
2	850	384	3

#plant 1
12	100	280	11
12	160	280	11
#plant 2
11	1800	680	11

#plant
10	357	400	10
10	1800	400	10
10	1867	400	10
# BRICK 

#tuong bao ngoai
#left
1	0	0	2	13
#top
1	0	0	2	14

# --- platform (hint: I created the list using Excel!) ----
1	0	116	2	15

#qua song
#1	367	81	2	16

#1	559	112	2	16
#1	591	64	2	16

#1	624	160	2	16
#1	751	97	2	16
#1	1088	144	2	16
#1	1200	80	2	16

#1	1375	111	2	16
#1	1407	95	2	16
#1	1551	64	2	16

#1	1775	96	2	16
#1	1744	144	2	16
#1	1791	176	2	16

#gach o nho
1	223	110	2	10
1	239	110	2	10
1	255	110	2	10
1	271	110	2	10

1	384	96	2	10
1	400	96	2	10
1	416	96	2	10
1	432	96	2	10
1	448	96	2	10

1	607	48	2	10
1	623	48	2	10
1	639	48	2	10
1	655	48	2	10

1	640	127	2	10
1	656	127	2	10

1	751	79	2	10

1	751	113	2	10

1	751	127	2	10
1	767	127	2	10
1	783	127	2	10
1	799	127	2	10

1	863	96	2	10

1	863	112	2	10

1	863	128	2	10

1	863	144	2	10
1	879	144	2	10
1	895	144	2	10

1	943	96	2	10

1	943	112	2	10
1	959	112	2	10

1	959	160	2	10
1	975	160	2	10
1	991	160	2	10
1	1007	160	2	10


1	1007	111	2	10
1	1023	111	2	10
1	1039	111	2	10
1	1055	111	2	10
1	1071	111	2	10

1	1168	144	2	10
1	1184	144	2	10
1	1200	144	2	10
1	1216	144	2	10

1	1231	48	2	10
1	1183	64	2	10
1	1199	64	2	10
1	1215	64	2	10
1	1228	64	2	10


1	1264	127	2	10
1	1280	127	2	10

1	1391	64	2	10
1	1407	64	2	10
1	1423	64	2	10

1	1535	48	2	10
1	1535	64	2	10

1	1535	128	2	10

1	1535	144	2	10


1	1535	160	2	10
1	1535	176	2	10
1	1535	192	2	10

1	1727	48	2	10
1	1244	64	2	10
1	1244	80	2	10

1	1775	128	2	10
1	1791	64	2	10
1	1807	64	2	10





#gach 1-2

#top
1	2078	464	2	6
#LEFT
1	2078	464	2	12
#right
1	2225	610	2
1	2241	593	2
1	2256	577	2
1	2273	561	2
1	2289	544	2
1	2304	528	2

1	2320	528	2
1	2336	528	2

1	2353	497	2
1	2353	511	2
#BOTTOM
1	1905	625	2	6



#money botton two
16	335	62	12	10
16	351	62	12	10
16	368	62	12	10

16	415	30	12	10
16	431	30	12	10
16	448	30	12	10

16	767	62	12	10
16	783	62	12	10
16	799	62	12	10

16	847	30	12	10
16	863	30	12	10
16	889	30	12	10

16	1328	47	12	10
16	1344	47	12	10
16	1360	47	12	10

16	1503	30	12	10
16	1503	46	12	10
16	1503	62	12	10
16	1503	78	12	10
16	1503	94	12	10
16	1503	110	12	10
16	1503	126	12	10
16	1503	142	12	10

16	1888	63	12	10
16	1904	63	12	10
16	1920	63	12	10

#flybar
174	368	81	91093	42
174	558	112	91093	42
174	562	63	91093	42
174	624	159	91093	42
174	753	96	91093	42
174	1088	144	91093	42
174	1201	80	91093	42
174	1376	110	91093	42
174	1407	94	91093	42
174	1551	63	91093	42
174	1775	96	91093	42
174	1743	114	91093	42
174	1792	175	91093	42


#coin
18	48	250	14


#col
120	0	0	11
#switch col
130	2251	109	11	1
130	2321	478	11	2

#CARD IMAGE
140	1	1	1050	1
140	1	1	1050	2
140	1	1	1050	3

#effect
#150	20	400	1930
#end game
172	2603	269	91071
#card
110	2685	331	1010

# --- SCENE PORTAL ----
# type	l	t	ani_set_id	r	b	scene_id
#50	2683	356	2	2680	2890	2