# id	file_path	transparent_color_r	g	b
[TEXTURES]
0	textures\mario\mario.png	255	255	255
20	textures\misc.png	176	224	248
10	textures\enemies.png	3	26	110
30	textures\map\man1\tiles.png	255	255	255
40	textures\misc\misc.png	255	255	255
50	textures\enemie\enemies.png	255	255	255

# id	left	top	right	bottom	texture_id
[SPRITES]
# BIG MARIO 
# idle right
10001	215	244	230	270	0
# walk
10002	254	243	271	270	0		
10003	294	244	310	270	0
# idle left
10011	175	244	190	269	0
#walk
10012	135	244	149	270	0
10013	94	244	111	268	0
# die 
10099	215	120	231	135	0
# SMALL MARIO
# idle small right
10021	216	89	229	104	0
# walk
10022	256	90	270	104	0
10023	256	90	270	104	0
# idle small left
10031	177	89	188	105	0
# walk
10032	134	90	148	105	0
10033	134	90	148	105	0
# nhay
10024	54	89	70	105	0
10034	334	89	352	104	0

#BRICK
20001	223	223	237	237	30
#brickdoi
20002	426	239	443	256	30

#GOOMBA
30001	5	14	21	29	10
30002	25	14	41	29	10
#die
30003	45	21	61	29	10

#brick with question mark animation
40001	300	117	316	133	20
40002	318	117	334	133	20
40003	336	117	352	133	20
40004	355	117	370	133	20

# Mushroom
50001	155	121	171	137	40

#Turle
60001	6	130	21	155	50
60002	28	129	43	155	50
						
# ani_id	sprite1_id	time1	sprite2_id	time2	...
[ANIMATIONS]

# ==== MARIO =========
#idle BIG right
400	10001	100
#idle BIG left
401	10011	100
#idle small right
402	10021	100
#idle small left
403	10031	100
#walk right big
500	10001	100	10002	100	10003	100
#walk left big
501	10011	100	10012	100	10013	100
#walk right small
502	10021	100	10022	100	10023	100
#walk left small
503	10031	100	10032	100	10033	100
#nhay phai
504	10034	300	10034	300
#nhay trai
505	10024	200	10024	300
#RUN right small
506	10021	20	10022	20	10021	20	10023	20
#RUN left small
507	10031	20	10032	20	10031	20	10033	20
#die
599	10099	100


# ==== BRICK =========
601	20001	100

#=====BRICK DOI ======
603	20002	100

# ==== QUESTION MARK BRICK =========
602	40001	1000	40001	100	40002	100	40003	100	40004	100


# ==== GOOMBA  =========
# walk
701	30001	100	30002	100
# die
702	30003	100

# Mushroom
801	50001	100

#Turle
901	60001	150	60002	150


#
# id	ani1	ani2	ani3
#
[ANIMATION_SETS]
# MARIO
1	400	401	402	403	500	501	502	503	599	505	504	506	507
# BRICK 
2	601
# brick doi
23	603
# QUESTION MARK BRICK 
22	602
# GOOMBA
3	701	702
# Mushroom
8	801

#Turle
9	901

[OBJECTS]
# type	x	y	ani_set_id	extra_settings per object type
# type: 0 = Mario , 1 = Brick, 2 = Goomba
# MARIO
0	50.0	0	1

# GOOMBA
2	200	135	3
2	260	135	3
2	320	135	3
2	480	135	3
2	500	135	3

# BRICK 
# --- platform (hint: I created the list using Excel!) ----
1	0	187	2
1	17	187	2
1	34	187	2
1	51	187	2
1	68	187	2
1	85	187	2
1	102	187	2
1	119	187	2
1	136	187	2
1	153	187	2
1	170	187	2
1	187	187	2
1	204	187	2
1	221	187	2
1	238	187	2
1	255	187	2
1	272	187	2
1	289	187	2
1	306	187	2
1	323	187	2
1	340	187	2
1	357	187	2
1	374	187	2
1	391	187	2
1	408	187	2
1	425	187	2
1	442	187	2
1	459	187	2
1	476	187	2
1	493	187	2
1	510	187	2
1	527	187	2
1	544	187	2
1	561	187	2
1	578	187	2
1	595	187	2
1	612	187	2
1	629	170	23
1	646	170	23
1	663	170	23
1	680	170	23
1	697	170	23
1	714	170	23
1	731	170	23
1	748	170	23
1	765	170	23
1	782	170	23
1	799	170	23
1	816	170	23
1	833	170	23
1	850	170	23
1	867	170	23
1	884	170	23
1	901	170	23
1	918	170	23
1	935	170	23
1	952	170	23
1	969	170	23
1	986	170	23
1	1003	170	23
1	1020	170	23
1	1037	170	23
1	1054	170	23
1	1071	170	23
1	1088	170	23
1	1105	170	23
#qua song
1	1173	187	2
1	1190	187	2
1	1207	187	2
1	1224	187	2
1	1241	187	2
1	1258	187	2
1	1275	187	2
1	1292	187	2
1	1309	187	2
1	1326	187	2
1	1343	187	2
1	1360	187	2
1	1377	187	2
1	1394	187	2
1	1411	187	2
1	1428	187	2
1	1445	187	2
1	1462	187	2
1	1479	187	2
1	1496	187	2
1	1513	187	2
1	1530	187	2
1	1547	187	2
1	1564	187	2
1	1581	187	2
1	1598	187	2
1	1615	187	2
1	1632	187	2


# gach doi



# ---- brick group 1 ----
#1	100	74	2
1	100	90	22
1	84	90	22

# ---- brick group 2 ----
#1	160	74	2
1	170	119	22
1	153	119	22

# ---- brick group 3 ----
#1	220	74	2
1	220	68	22
1	204	68	22

# Mushroom
8	220	68	8
# Turle
3	220	68	9

# --- SCENE PORTAL ----
# type	l	t	ani_set_id	r	b	scene_id
50	1650	0	0	1666	200	2

